2020-09-23 08:55:05.881879: Goal graph nodes: 11056
2020-09-23 08:55:05.881879: Goal graph action inventory:
	give_item:1920
	take_thing:2880
	pick_up_thing:320
	move:480
	give_mundane_item:480
	rm_hates:64
	rm_loves:64
	rm_likes:64
	rm_dislikes:64
	rm_aloof:64
	rm_confident:64
	rm_embarassed:64
	rm_indifferent:64
	rm_popular:64
	do_cool_thing:960
	rm_not_aloof:64
	rm_not_confident:64
	rm_not_embarassed:64
	rm_not_indifferent:64
	rm_not_popular:64
	do_embarassing_thing:960
	do_elegant_thing:960
	friendly_act:480
	unfriendly_act:480
	befriend:240
	--------------
	11056
2020-09-23 08:55:05.895197: [01...] Initializing planner . . .
2020-09-23 08:55:05.895906 	 [raw][['has_thing', ['Agari', 'student'], ['Ring', 'special_thing']]]
2020-09-23 08:55:05.896904 	 [+]['has_thing', ['Agari', 'student'], ['Ring', 'special_thing']]
2020-09-23 08:56:00.150029 layer: 6; nodes: 78
2020-09-23 08:58:01.110566 layer: 5; nodes: 247
2020-09-23 09:00:00.860133 layer: 6; nodes: 412
2020-09-23 09:02:00.945098 layer: 6; nodes: 577
2020-09-23 09:02:14.025083 [Try #1]Plan graph generation execution time:
2020-09-23 09:02:14.026081 	428.125188 second/s
2020-09-23 09:02:14.027078 	7.135419799999999 minute/s
2020-09-23 09:02:14.027078: Completed plan cycle: [01]
2020-09-23 09:02:14.027078: Total nodes    : 592
2020-09-23 09:02:14.027078: Goal nodes     : 4
2020-09-23 09:02:14.027078: Author's Goals  : [['has_thing', ['Agari', 'student'], ['Ring', 'special_thing']]]
2020-09-23 09:02:14.027078: Achieved intentions : 
	['has_thing', ['Agari', 'student'], ['Ring', 'special_thing']]
2020-09-23 09:02:14.029072: Achieved author's goals : 
	['has_thing', ['Agari', 'student'], ['Ring', 'special_thing']]:4
2020-09-23 09:02:14.029072: Action breakdown:
	None:1
	do_elegant_thing:60
	pick_up_thing:26
	do_embarassing_thing:57
	rm_likes:13
	do_cool_thing:54
	move:238
	befriend:12
	rm_loves:10
	rm_popular:10
	rm_embarassed:12
	rm_not_indifferent:7
	rm_aloof:15
	rm_not_aloof:8
	rm_not_popular:8
	rm_indifferent:13
	rm_not_embarassed:10
	rm_hates:12
	rm_dislikes:9
	rm_not_confident:6
	rm_confident:6
	take_thing:1
	friendly_act:4
2020-09-23 09:02:14.267731: Solution for: None
2020-09-23 09:02:14.547286: Solution for: None
2020-09-23 09:02:14.734264: Solution for: None
2020-09-23 09:02:15.030303: Solution for: None
