2020-09-23 16:01:00.239658: Goal graph nodes: 13536
2020-09-23 16:01:00.239658: Goal graph action inventory:
	give_item:2400
	take_thing:3600
	pick_up_thing:400
	move:480
	give_mundane_item:960
	rm_hates:64
	rm_loves:64
	rm_likes:64
	rm_dislikes:64
	rm_aloof:64
	rm_confident:64
	rm_embarassed:64
	rm_indifferent:64
	rm_popular:64
	do_cool_thing:1200
	rm_not_aloof:64
	rm_not_confident:64
	rm_not_embarassed:64
	rm_not_indifferent:64
	rm_not_popular:64
	do_embarassing_thing:1200
	do_elegant_thing:1200
	friendly_act:480
	unfriendly_act:480
	befriend:240
	--------------
	13536
2020-09-23 16:01:00.286522: [01...] Initializing planner . . .
2020-09-23 16:01:00.286522 	 [raw][['has_thing', ['Agari', 'student'], ['UnknownThing', 'special_thing']]]
2020-09-23 16:01:00.302143 	 [+]['has_thing', ['Agari', 'student'], ['UnknownThing', 'special_thing']]
2020-09-23 16:02:01.583717 layer: 6; nodes: 48
2020-09-23 16:04:00.998694 layer: 6; nodes: 133
2020-09-23 16:06:00.394112 layer: 6; nodes: 220
2020-09-23 16:08:00.016532 layer: 4; nodes: 305
2020-09-23 16:10:00.900914 layer: 5; nodes: 392
2020-09-23 16:10:06.249428 [Try #1]Plan graph generation execution time:
2020-09-23 16:10:06.249428 	545.947285 second/s
2020-09-23 16:10:06.249428 	9.099121416666666 minute/s
2020-09-23 16:10:06.249428: Completed plan cycle: [01]
2020-09-23 16:10:06.249428: Total nodes    : 395
2020-09-23 16:10:06.249428: Goal nodes     : 2
2020-09-23 16:10:06.249428: Author's Goals  : [['has_thing', ['Agari', 'student'], ['UnknownThing', 'special_thing']]]
2020-09-23 16:10:06.249428: Achieved intentions : 
	['has_thing', ['Agari', 'student'], ['UnknownThing', 'special_thing']]
2020-09-23 16:10:06.249428: Achieved author's goals : 
	['has_thing', ['Agari', 'student'], ['UnknownThing', 'special_thing']]:2
2020-09-23 16:10:06.249428: Action breakdown:
	None:1
	do_cool_thing:58
	pick_up_thing:22
	move:93
	do_elegant_thing:48
	rm_not_popular:9
	rm_aloof:4
	befriend:6
	do_embarassing_thing:57
	rm_not_confident:9
	rm_popular:8
	rm_hates:9
	rm_likes:11
	rm_loves:6
	rm_embarassed:4
	rm_confident:4
	rm_dislikes:10
	rm_not_indifferent:5
	rm_not_embarassed:6
	rm_not_aloof:6
	friendly_act:1
	take_thing:10
	rm_indifferent:7
	unfriendly_act:1
2020-09-23 16:10:06.718068: Solution for: None
2020-09-23 16:10:07.296056: Solution for: None
