2020-09-23 09:24:05.808471: Goal graph nodes: 11056
2020-09-23 09:24:05.808471: Goal graph action inventory:
	give_item:1920
	take_thing:2880
	pick_up_thing:320
	move:480
	give_mundane_item:480
	rm_hates:64
	rm_loves:64
	rm_likes:64
	rm_dislikes:64
	rm_aloof:64
	rm_confident:64
	rm_embarassed:64
	rm_indifferent:64
	rm_popular:64
	do_cool_thing:960
	rm_not_aloof:64
	rm_not_confident:64
	rm_not_embarassed:64
	rm_not_indifferent:64
	rm_not_popular:64
	do_embarassing_thing:960
	do_elegant_thing:960
	friendly_act:480
	unfriendly_act:480
	befriend:240
	--------------
	11056
2020-09-23 09:24:05.865850: [02...] Initializing planner . . .
2020-09-23 09:24:05.865850 	 [raw][['has_thing', ['Shinobi', 'student'], ['Ring', 'special_thing']]]
2020-09-23 09:24:05.866849 	 [+]['has_thing', ['Shinobi', 'student'], ['Ring', 'special_thing']]
2020-09-23 09:24:06.045968 layer: 0; nodes: 1
2020-09-23 09:26:01.251950 layer: 5; nodes: 156
2020-09-23 09:26:32.520104 [Try #1]Plan graph generation execution time:
2020-09-23 09:26:32.521100 	146.648782 second/s
2020-09-23 09:26:32.522585 	2.4441463666666667 minute/s
2020-09-23 09:26:32.524579: Completed plan cycle: [02]
2020-09-23 09:26:32.524579: Total nodes    : 197
2020-09-23 09:26:32.524579: Goal nodes     : 3
2020-09-23 09:26:32.524579: Author's Goals  : [['has_thing', ['Shinobi', 'student'], ['Ring', 'special_thing']]]
2020-09-23 09:26:32.524579: Achieved intentions : 
	['has_thing', ['Shinobi', 'student'], ['Ring', 'special_thing']]
2020-09-23 09:26:32.527685: Achieved author's goals : 
	['has_thing', ['Shinobi', 'student'], ['Ring', 'special_thing']]:3
2020-09-23 09:26:32.528568: Action breakdown:
	None:1
	rm_likes:4
	pick_up_thing:5
	move:85
	do_elegant_thing:18
	do_embarassing_thing:20
	rm_popular:3
	rm_aloof:2
	rm_not_indifferent:1
	rm_loves:4
	do_cool_thing:28
	rm_indifferent:2
	rm_dislikes:4
	befriend:7
	take_thing:5
	rm_confident:1
	rm_not_aloof:2
	rm_hates:3
	rm_embarassed:1
	friendly_act:1
2020-09-23 09:26:32.916147: Solution for: None
2020-09-23 09:26:33.131051: Solution for: None
2020-09-23 09:26:33.339042: Solution for: None
