2020-09-23 11:55:10.915667: Goal graph nodes: 13536
2020-09-23 11:55:10.915667: Goal graph action inventory:
	give_item:2400
	take_thing:3600
	pick_up_thing:400
	friendly_act:480
	befriend:240
	move:480
	give_mundane_item:960
	rm_hates:64
	rm_loves:64
	rm_likes:64
	rm_dislikes:64
	rm_aloof:64
	rm_confident:64
	rm_embarassed:64
	rm_indifferent:64
	rm_popular:64
	do_cool_thing:1200
	rm_not_aloof:64
	rm_not_confident:64
	rm_not_embarassed:64
	rm_not_indifferent:64
	rm_not_popular:64
	do_embarassing_thing:1200
	do_elegant_thing:1200
	unfriendly_act:480
	--------------
	13536
2020-09-23 11:55:10.946906: [02...] Initializing planner . . .
2020-09-23 11:55:10.946906 	 [raw][['has_thing', ['Tadano', 'student'], ['Diary', 'special_thing']]]
2020-09-23 11:55:10.946906 	 [+]['has_thing', ['Tadano', 'student'], ['Diary', 'special_thing']]
2020-09-23 11:56:00.613764 layer: 6; nodes: 48
2020-09-23 11:58:00.156081 layer: 4; nodes: 155
2020-09-23 11:58:15.914099 [Try #1]Plan graph generation execution time:
2020-09-23 11:58:15.915096 	184.948578 second/s
2020-09-23 11:58:15.915096 	3.0824763 minute/s
2020-09-23 11:58:15.916095: Completed plan cycle: [02]
2020-09-23 11:58:15.916095: Total nodes    : 168
2020-09-23 11:58:15.916095: Goal nodes     : 2
2020-09-23 11:58:15.916095: Author's Goals  : [['has_thing', ['Tadano', 'student'], ['Diary', 'special_thing']]]
2020-09-23 11:58:15.916095: Achieved intentions : 
	['has_thing', ['Tadano', 'student'], ['Diary', 'special_thing']]
2020-09-23 11:58:15.925070: Achieved author's goals : 
	['has_thing', ['Tadano', 'student'], ['Diary', 'special_thing']]:2
2020-09-23 11:58:15.928061: Action breakdown:
	None:1
	pick_up_thing:10
	befriend:6
	unfriendly_act:7
	rm_dislikes:1
	move:23
	do_elegant_thing:29
	do_cool_thing:18
	rm_not_embarassed:5
	friendly_act:17
	do_embarassing_thing:12
	rm_loves:3
	rm_embarassed:5
	rm_not_aloof:4
	rm_indifferent:1
	rm_not_popular:3
	rm_confident:2
	give_item:8
	take_thing:3
	rm_likes:1
	rm_not_confident:4
	rm_hates:2
	rm_aloof:1
	rm_popular:1
	rm_not_indifferent:1
2020-09-23 11:58:16.458377: Solution for: None
2020-09-23 11:58:16.855138: Solution for: None
