2020-09-23 13:51:51.042119: Goal graph nodes: 13536
2020-09-23 13:51:51.042119: Goal graph action inventory:
	give_item:2400
	take_thing:3600
	pick_up_thing:400
	rm_likes:64
	move:480
	give_mundane_item:960
	rm_hates:64
	rm_loves:64
	rm_dislikes:64
	rm_aloof:64
	rm_confident:64
	rm_embarassed:64
	rm_indifferent:64
	rm_popular:64
	do_cool_thing:1200
	rm_not_aloof:64
	rm_not_confident:64
	rm_not_embarassed:64
	rm_not_indifferent:64
	rm_not_popular:64
	do_embarassing_thing:1200
	do_elegant_thing:1200
	friendly_act:480
	unfriendly_act:480
	befriend:240
	--------------
	13536
2020-09-23 13:51:51.180322: [04...] Initializing planner . . .
2020-09-23 13:51:51.182316 	 [raw][['has_thing', ['Shinobi', 'student'], ['Diary', 'special_thing']]]
2020-09-23 13:51:51.194285 	 [+]['has_thing', ['Shinobi', 'student'], ['Diary', 'special_thing']]
2020-09-23 13:52:01.318759 layer: 4; nodes: 13
2020-09-23 13:54:00.782218 layer: 6; nodes: 100
2020-09-23 13:56:00.490270 layer: 6; nodes: 175
2020-09-23 13:58:00.291543 layer: 6; nodes: 265
2020-09-23 14:00:02.026104 layer: 5; nodes: 353
2020-09-23 14:02:00.590413 layer: 6; nodes: 426
2020-09-23 14:04:00.356695 layer: 5; nodes: 503
2020-09-23 14:04:32.738366 [Try #1]Plan graph generation execution time:
2020-09-23 14:04:32.738366 	761.472037 second/s
2020-09-23 14:04:32.738366 	12.691200616666666 minute/s
2020-09-23 14:04:32.738366: Completed plan cycle: [04]
2020-09-23 14:04:32.738366: Total nodes    : 525
2020-09-23 14:04:32.738366: Goal nodes     : 3
2020-09-23 14:04:32.738366: Author's Goals  : [['has_thing', ['Shinobi', 'student'], ['Diary', 'special_thing']]]
2020-09-23 14:04:32.738366: Achieved intentions : 
	['has_thing', ['Shinobi', 'student'], ['Diary', 'special_thing']]
2020-09-23 14:04:32.738366: Achieved author's goals : 
	['has_thing', ['Shinobi', 'student'], ['Diary', 'special_thing']]:3
2020-09-23 14:04:32.738366: Action breakdown:
	None:1
	rm_not_indifferent:10
	do_elegant_thing:72
	move:108
	rm_hates:10
	rm_dislikes:12
	pick_up_thing:35
	do_cool_thing:75
	do_embarassing_thing:62
	take_thing:26
	rm_likes:15
	rm_indifferent:8
	rm_aloof:17
	rm_not_confident:13
	rm_popular:10
	befriend:5
	rm_embarassed:7
	rm_not_embarassed:13
	rm_loves:4
	rm_confident:3
	rm_not_popular:10
	friendly_act:4
	rm_not_aloof:4
	unfriendly_act:1
2020-09-23 14:04:33.500706: Solution for: None
2020-09-23 14:04:34.125558: Solution for: None
2020-09-23 14:04:34.719167: Solution for: None
